1703234
1367824
682157
82671
987210
1378761
964299
948172
1251497
685560
1446602
568335
1947771
1597095
1842035
1377793
1141908
1017637
584896
136805
1847492
1831842
647710
571105
1247513
1689887
1356523
559599
1513531
622399
1931674
1800265
196712
96196
1110984
1607562
1001816
1600441
1014703
1510019
1067017
1424249
1601653
1830661
1557528
958335
1582505
1267632
1922892
1200995
1431168
1295050
1774808
601092
558833
563752
957102
70490
3026
1600080
1414749
1249764
1430568
638743
596183
919959
1725407
640849
666575
158104
332170
504421
909111
1050983
539163
1852636
1301020
1056828
166016
1929295
732155
657013
1584525
1813028
392912
1032362
476720
998615
1929443
1491133
63301
1460719
993382
1565434
918336
659131
1685933
1311556
1276670
167424
1892770
41091
232230
1080357
292470
1729601
1320956
1406588
1642153
713949
1457383
1577425
1265589
1507025
1174211
1783461
1658435
1451039
1509824
1536602
1395900
1653733
127014
1169680
1933760
461182
1636108
189771
51282
1700124
1372339
43079
551876
495913
1984775
590737
1858326
618290
1198171
1087042
1028401
686613
635378
361622
180754
166545
1275792
696585
1358942
460979
706127
1944343
111064
1868294
1782715
1664274
1750860
74637
1168071
1156467
507264
615686
1028395
1327708
1744042
1253192
1975118
618819
1424341
652307
204149
649772
1334119
644856
990973
1942110
1780936
1356468
620866
166128
1412968
960098
1813714
949806
1668704
640776
1112965
167013
1550349
1021160
1146744
1979280
1560223
1497601
1664976
1372259
1438872
910762
590001
1866626
722246
254501
86457
1398280
1940665
952144
1599743
1364816
571757
1877148
1169021
1128466
594347
1150029
1133344
1943149
1833857
1262315
1194958
183283
1629667
1156032
1858220
315926
2007615
561500
1068352
1316547
1422824
329336
1382624
186486
1730767
1541106
1333809
919317
1640128
27348
1967010
1905871
108731
1439317
1533327
1259019
964930
1823493
1541428
1472816
272231
1710065
685473
1779861
1427771
1054011
668017
1121041
1941310
1267344
1341477
936760
1892851
25922
331645
452835
532670
137121
1678973
652293
1611434
1630477
1595341
642798
1379676
622757
1992387
1629253
1916803
480200
1763529
1551562
1467511
932562
1419593
1325342
1658711
405585
1114404
131357
1568291
651748
344903
913249
1740351
1149916
1714072
1143527
1498956
1812243
950430
589212
1622567
1273599
474672
1267674
637224
1440662
1422613
1617099
677535
1329645
948315
1045529
1447516
1374157
1005175
546553
1578155
1938384
1177492
626458
1758743
293504
1744315
1989572
366695
540394
1227040
1815619
1962545
468327
64491
1630256
678294
1726073
1096509
39377
83279
1976679
978426
1068817
1464508
7362
958655
1425169
1963592
31660
669157
1342823
1271720
29884
1830893
950380
1029932
465062
1929239
1956119
63700
1595480
1218628
1257311
1682136
156821
1334941
1419700
1370605
1576581
721734
1647089
928850
938788
39440
607759
637935
257192
1223538
160576
344202
1293358
537364
534042
563939
1144108
1798717
1837288
1345852
1232929
968953
1214440
1523132
1588319
566941
1408171
119584
1908485
1659458
1756683
1717021
1394859
1593274
1120366
1657204
1856109
1291135
1811935
1555920
970602
614858
1422587
658106
1340927
935982
1936287
1512842
429139
1630370
502235
1011447
1638780
1836952
673268
1571196
242970
657955
494755
51441
312818
1925200
1151836
925311
1281390
593900
1776778
928204
547271
176847
201533
62484
1874585
525599
1543434
299128
1802699
497930
645635
1912865
632178
137245
1020401
643500
171343
1628852
248242
1437648
1930227
79277
1131821
87090
1269417
1788362
602867
1274120
1368125
986861
1851124
1418402
1137268
1742132
581237
1086372
1305319
1798330
1855108
586827
1232857
218448
415969
1737982
1659923
1972916
1192149
341381
1424518
2007243
1019118
77513
642953
942353
217201
1806338
1215119
630064
603089
1489744
1605215
1569218
1147105
1380907
1461345
1814068
976748
299088
592158
1561506
1712751
559998
1893464
1157970
1758348
726258
1655064
1254920
574406
212582
995546
1696557
278406
1949081
78091
445000
1776220
1127723
233839
1442721
1826874
627476
1297454
919113
1406328
1953630
1979710
1908380
421761
1284808
1233292
1592124
251110
1713978
1086769
373107
506518
1711798
1091408
170244
1135778
1152418
1149484
1933636
528520
1850094
227005
188190
1204815
1055551
163018
1488270
1777477
636074
328145
1766557
1138170
283385
482057
568755
1029837
1032527
469409
1007068
644478
611503
551749
640830
940003
508940
1399629
1702840
1111686
1631709
667179
1882363
1848821
307926
1475245
611968
1600848
1367679
1655891
1340212
1675305
733136
458242
543173
1521611
1217599
1088798
1103233
1179072
1348071
252439
678950
1152267
1597192
991794
1953353
1593455
1806014
1664485
254672
1811719
1132196
1414365
1591776
973369
1829868
1570712
1574253
729455
1617310
1295210
1004231
1790878
653720
1351361
1457593
1979149
1643355
1176004
1597033
1826233
1031422
328199
368622
1814099
1554453
1710299
1812958
212610
1607192
933304
1585347
1219079
1104468
1494868
352473
563784
1078654
679328
1425339
1342283
37633
572664
1175183
655512
1517181
1758784
245791
987744
1488157
1601343
581225
921285
1072339
1881269
1419855
1572475
1173726
1052788
1168330
1542051
1061621
198509
226235
1376679
1586177
562275
1633716
1889575
1794763
290383
1470436
1575893
1782333
342366
919698
1727042
1223421
600859
592472
240371
311224
900664
1614235
459499
1044373
1596658
580003
1520355
28340
909296
628711
1565963
595593
1342421
1349858
1672226
926720
1947471
223967
705536
1508808
638927
141157
1556910
1921750
1247582
1813479
1321214
1383261
1917546
1800912
1866582
1141183
1698053
1468380
1001066
1307357
1958437
559277
940411
927147
925661
163944
1277365
244025
321744
945101
603910
929247
1470901
1587250
641658
97791
605827
359289
415318
209360
121240
1677778
72293
643582
1112213
645497
264208
995870
734486
1963225
1150485
204444
961598
410691
1927397
1057167
1959969
672860
1137114
1808831
591809
1250023
1728206
1681902
276352
1465978
1927186
1347338
1924644
1348817
1865543
366756
1945553
1906733
1297049
1150672
1041973
1137731
1802642
1391294
1688551
1262558
356078
563293
623298
1096488
687458
112651
597170
1943599
1756456
1087260
1179221
1128236
411143
1633094
1557039
1356420
1787156
1366763
979655
1931638
1730404
594312
672485
279472
1201307
513341
427491
1795525
371643
1989464
1076324
1584739
1436008
534742
1202821
643165
1257954
639978
1371455
593856
284791
1894711
1078230
1098075
499508
1107069
1739485
1910579
1554334
1407296
1343873
1208908
294762
1193802
142936
673690
270924
159349
1577456
666588
179708
469980
1425691
1193062
1991112
1653929
1857233
1001260
187521
1842912
988008
1732409
1429849
639709
441777
1393439
495326
8333
1597516
1850914
441099
1024451
1488050
1893175
917483
1848466
182797
1132194
597985
525838
40029
1669230
1820331
1597164
617691
1937496
299899
308508
963667
233755
434678
1766172
958027
1266351
1737541
135288
1079392
470858
1462101
358913
1529972
1560010
1807800
1980355
1732204
1405268
1640671
1686887
1265281
1844490
1085746
1032342
441918
1511060
1187003
576707
1680659
465092
666510
1302177
113929
360415
1711927
561171
1834827
1836948
687405
450706
625510
585849
411558
1318422
1108726
1061765
1343570
710238
1345521
656343
490369
1887596
1857133
654471
185271
1817373
1544277
262592
1725319
675003
673231
509681
311136
1928429
602100
1419249
310024
1924405
1914505
1076927
1785414
1032999
988694
1465472
1542113
453195
1468453
1333688
1460007
1852240
1991480
1635610
985680
1863763
623527
132967
584345
605791
1723823
569801
247351
339823
1922874
1250016
1426809
1905381
279568
1668425
1206378
578286
1750415
615194
354380
1628568
1681951
334312
1914962
90129
164763
1474864
1078148
1527282
1420564
1523912
1615015
1479393
1638797
390566
592236
626848
604953
1183531
703451
912294
1737533
1129216
463644
1942053
1454145
475041
1393657
560541
1866349
1083397
1460753
1178664
1100377
1521459
344567
1901884
1045492
542562
1626951
510095
444323
271380
194749
431311
942666
1110661
329662
1213917
1695521
408357
1658418
630328
1489556
1106332
323104
245364
467158
1024936
189561
80140
996839
509184
1946878
1518407
556537
272557
1758179
1810206
168785
670183
705031
943044
1414345
1270689
1608736
1990910
193124
1071232
649456
461061
1624774
307441
1189827
1412397
1513597
974858
1140018
1814389
1129360
1056359
1457266
1171336
591906
950659
1625318
181479
1446678
1697338
1281499
1395428
620546
1575287
1636649
1095365
936554
1561204
1732886
1449793
563637
1531143
280418
66762
1046213
1493440
1224707
1475880
1208635
1216140
1739978
652895
81693
1066615
451698
1123799
1404340
602516
1939781
680216
1178678
1064963
1152972
94255
1053737
2005955
1056431
1507238
1463732
1635669
1017201
1447097
692548
1271205
367082
1248890
1173333
148666
1654002
232435
1056530
621188
642662
1103399
1531739
1217627
1584856
1996764
1120473
198020
1062935
966717
598712
1522330
569052
1221392
1336426
1410834
176331
1269390
515086
1860147
305310
1035238
11917
913584
960774
1436174
1815895
1124811
1548760
1682893
645223
1212822
5964
1435041
1853127
143016
1770416
1073242
187824
1483544
1809697
648987
210257
557341
1582454
1611070
623873
1018451
1456193
528566
1651870
1565639
1812965
154664
184976
1150607
911306
1108613
1949280
1882929
329887
335499
197281
1611500
1767508
651854
568419
644858
689430
148078
1518668
1738364
617587
1901345
1265668
990292
646817
1901665
315596
1320186
659648
415550
252050
644806
185769
572381
65667
1480604
367987
1615810
416839
1039499
710072
926283
446143
1039725
661309
569562
2005449
1626954
914225
928203
1195584
1212289
919055
1374927
183017
1428606
514480
915577
446006
1198092
1509319
48372
1697424
1607634
396777
1098724
1747838
31464
1920643
1628145
1089915
1180931
1460510
1522517
1486710
1286368
1378803
1907409
1470536
1481644
1925529
1958706
732201
242368
1461410
1035005
1075258
1815015
1160190
1528435
1319860
659346
594349
1313779
1877170
1786883
1939695
273449
1291786
44598
940527
586843
11331
1531908
118693
1422985
1152281
1720774
1992625
1793754
1922109
1296750
1743207
1185060
656333
1415821
1867426
1318244
2001384
984209
667002
960490
1427499
660505
617380
1498909
469164
507093
1395825
1214487
1038998
1186287
1809042
1774847
358374
1685433
577243
1717807
1251246
1988630
959365
1171405
591689
1808887
1764241
567251
1145835
1773463
1277761
1350870
1164465
1676678
1616512
1098479
1019673
362763
472846
1591579
1793499
1463521
1830892
718676
1382652
501696
1980008
1737730
420296
94190
556007
81423
1542832
622385
1234521
944131
1095624
1429512
48727
1716837
598252
1205231
1436409
187735
1326545
1325745
1657338
579114
1188015
1630516
913774
1598352
673692
136121
1779602
1101633
143292
369914
1451067
1835564
1066429
1728628
1099000
1186926
1341458
1736643
1216718
1015361
1162645
1145173
940326
647011
1049573
346951
379340
584634
594702
353643
645231
1199246
1279083
1431676
1885561
1423904
626485
1641408
976703
1339866
1509122
355974
1998619
576567
1767977
682398
617200
303738
1514016
1919562
467421
1586416
1131338
275583
572585
57090
1698263
657458
1593251
1465959
1830693
316790
1816955
631072
425986
561458
1821331
1739456
263350
1607552
1825382
1973543
80796
19795
595439
633723
1408834
1573910
607354
1796711
618156
1070135
1861413
1233144
542622
1748097
609938
473128
1603531
181880
1070104
1500928
700819
1407948
605552
1806494
107215
1561959
334319
666455
352332
640550
901392
1649427
1228867
1289642
1854867
376635
965247
1569905
1576729
686524
621690
1556457
1343642
375186
147053
136086
103384
1526468
550531
185475
1242457
1314840
1747703
473001
633454
1104167
1559613
1720481
1151542
1472068
1693757
1773902
733518
1298885
299368
117933
1693807
1320083
1846700
1754892
270138
1451428
470042
1609141
1259645
1390353
687848
412244
1400194
1956085
590689
1933489
577945
1507134
143642
1431620
202340
1566377
1469552
631715
1565007
389292
1494694
1291689
1269104
1134914
1399137
1822547
1173200
640923
900208
566870
914303
1270648
598565
1265128
1663345
1162288
197188
479876
1838573
1036240
1418097
624782
1529758
996039
1772628
151616
1324248
190448
467691
1067353
1610084
511782
520884
1507121
994395
1216468
1472767
1072940
636140
1008911
380028
1913483
1462647
1829009
1823043
1485459
311918
1748420
1364369
1650287
1918071
1846245
1641936
944837
1147730
1446551
1405306
1491037
1796229
1691595
956513
1355505
550948
1954070
145525
1136334
1103074
465070
963141
85181
1021578
960941
1658704
88148
732226
1020876
1440140
1537462
963070
2002125
1394918
1201106
374817
1418398
210783
1430481
1871828
269609
1298372
1084648
320143
1121158
1030793
1782750
1731396
1938981
406666
332749
1720273
970612
1109950
1349986
1946224
1216996
998578
1403825
1953922
1828312
1042142
175166
242635
234851
1989423
1478359
1239198
1922428
985141
639178
276580
468715
602921
54577
55643
1066952
1012159
46659
619009
397402
1516318
473780
628454
1645143
988073
210804
1582477
1094785
396449
659806
284312
1702976
1551167
279964
1094386
345106
1938401
1674282
1696842
1461359
650203
372229
1010539
1527801
473251
1821079
653563
1740352
262072
112895
996153
1330569
1514449
617327
569471
1426061
1589278
133164
1877431
1657596
635001
900400
1162672
1795519
128570
1379479
51195
1068218
729019
1121634
934643
362370
1673086
967662
1212059
575116
641504
1905001
586290
1952920
643248
1053063
1392848
635516
1099410
652199
1433388
1284711
1050314
1732558
1900741
1410181
681735
537705
1944054
1501685
1513978
1830942
571143
267458
1766734
1740063
624656
585474
1817459
1631465
668963
1441595
1071023
13072
1827568
1737581
188017
1225966
305727
1173751
1756129
270562
1313333
1072426
546993
321316
1868355
288443
1970547
332108
1334063
1928335
1637608
1539556
633830
619076
46586
675156
649519
1745221
1535492
1167854
210095
507040
1607307
500648
1024612
1189180
1204982
47271
1309799
1772077
1256057
1644096
172735
112169
1633063
1831650
1181875
93959
79687
1044418
1396657
352095
459802
566365
953410
630290
475479
270395
39881
1128866
1483755
523320
172829
1204910
1763561
1456491
1224348
1023080
1599846
990937
596811
1558690
1742518
1294924
1046693
54249
1854906
1028155
183065
414209
446880
363268
199675
1079163
1215498
1600414
442146
1264424
1818879
215593
72773
1059899
1110393
1345875
126503
1928546
138832
366910
72823
1724685
535888
1964273
597610
1139807
1510939
1325957
1461786
1537743
137252
682028
568847
1658188
1631883
250699
1237558
506941
654516
1736416
414221
1840027
1972440
975739
1538734
159545
434739
315704
1741195
442515
923898
1781264
1105795
1029339
1168658
1758906
1398334
118048
559833
1772871
1627507
1797687
969603
1825150
1649759
663070
1672586
1932240
89391
1982731
1659731
1563903
1104248
1601306
1925097
1393631
1560593
1426848
1406667
216870
638727
1551315
346374
609290
1155209
1249872
378382
1099092
1044699
218094
1129157
276968
1778002
590804
39963
115902
623282
1254431
1704280
1881811
555461
1839038
378474
164474
1188722
1020627
1662320
1536285
659652
1016056
1381579
1401775
23492
218552
536089
649593
589613
1503670
943678
678440
1602768
1316917
1338652
1395885
489144
1080318
958582
1314220
1703661
1125375
1996100
1047854
1382372
1930476
1092146
675377
673412
680783
1373931
206946
1341157
315918
21674
1686036
652287
1116643
580221
1082785
1140897
1358076
1129926
1935126
631801
52090
316329
954849
1412273
1790563
1121354
1606271
443652
1400687
1190534
1549819
1448033
308422
1226271
950423
596638
1357656
1115791
1687809
562217
1445348
1495793
1249009
66199
1618499
621526
1494335
408765
681178
1953176
1108444
932707
1876946
1769338
1251270
1647995
356356
1674907
651017
615003
656442
409554
979217
1296592
1235961
642592
473723
378702
917298
168989
960356
1019847
1085260
1355031
1875071
905297
66320
1478196
1147732
1434547
143789
1972508
434416
1268435
1333240
1308051
1873353
415729
1895217
714647
115699
241930
1613663
406292
4076
642883
1387189
1041705
1574600
548360
1928636
1814672
1187946
1934826
1099262
962254
1521068
1180893
580826
47482
1129713
1896623
1806904
1196041
586413
1170897
657413
1061312
238208
567379
1467324
1399820
507448
557843
1101696
1465943
1149823
1583025
5467
1733816
1618612
1460680
602436
154663
450857
736841
1760133
434904
502797
1787200
648220
937062
1104842
1083916
287037
214721
1282466
217327
1474249
1382182
1164545
1555074
64822
1508061
1215436
1152142
1300271
1381988
1704598
1165941
1037013
1927859
638865
1025413
1303953
1634946
1633769
1793145
1588276
687710
356117
1982492
726826
1563196
1135308
593527
688864
1648544
1849110
1475691
660154
1095230
593401
328195
1574542
1183747
1594880
412678
340943
1656560
1493250
1509251
12722
680845
1794740
1548109
1658820
1360713
1703158
578667
907654
1499534
1747720
939966
1260826
964442
32277
1334165
1302342
1334502
1070317
1164146
1742078
1040202
1791640
1981460
652349
1683954
511760
294143
175823
1105163
31924
1045884
1880792
336127
1318492
1350089
1699122
1753139
1095761
1727452
357264
1542638
599410
557086
1214075
1443116
674276
1917449
1690660
1326055
1472795
75509
1500033
1923640
1955149
598947
614583
1959388
146195
671738
563620
915827
590929
1009799
708081
1788233
649570
287544
611818
973184
647520
254790
678852
993707
1016411
1031647
114258
1195264
387946
1636738
666552
736981
1386610
1941429
1305703
1598872
1979004
23883
468777
317662
1934562
1129759
1954853
1541604
310975
526850
666780
360470
1985685
398513
602258
1915235
1138855
408931
1858976
1629825
409804
1671326
1558880
20210
1843485
1049908
1540886
1876430
1415465
316340
1275875
1777260
1979117
589860
1723240
338743
1463641
1396515
1169262
604539
1453935
1758050
714861
589261
1129248
1784721
147575
1091284
1576150
1535037
1099149
1189242
683013
663344
621763
1723319
1088258
933425
333044
239978
179080
1798419
1780205
152387
1981664
1517714
997197
57932
70569
499709
1263131
113675
507637
256596
934677
1859705
1225239
1847669
96753
359710
457553
1156802
1353284
1345916
655388
1418336
1364225
1371305
1947636
1396173
416976
1518603
1578489
1749842
1519804
4156
295633
1504132
1162394
1830587
348104
1970721
512846
1778784
587379
646959
684824
1964938
483880
1384893
1635916
1871287
1975561
1540877
153079
204360
1558652
414547
134178
363634
1952981
1266772
1921411
1225763
1094775
1378114
1666662
412146
158798
618929
1860092
1519094
651827
522704
969941
588630
1323101
654479
1906913
604600
1590639
1225943
1242527
386978
1157390
1401551
195230
1058886
1999236
665174
938304
77210
1286139
1512934
664446
1396783
1734405
1477059
1198359
1567584
389296
649942
1094309
1711856
1075343
376801
1969207
1355446
2006374
504831
416211
1572796
67453
1235565
565474
186547
1996982
472491
672754
1339566
1502309
516330
947892
1824457
1726646
630350
1551225
1102685
350280
304146
630919
1537781
335172
235710
1938675
999
1018331
1429551
1133677
152115
201155
1936963
287398
1218022
1903619
630720
1308258
170458
222032
588648
1955683
1436803
249157
276457
621515
1921257
1852926
937767
292775
1480833
633467
1293796
244463
238164
516336
1422121
725813
1218827
679272
1453215
1131087
1082615
1680304
1906075
473538
1049868
590159
288797
411
1491963
1878324
599734
571198
155651
1371308
1379075
1737766
1043485
153620
964672
561949
1070030
1148536
1209155
981730
308385
235108
1522845
579794
1920344
1415151
930963
283608
919039
1242768
993435
1977412
1830238
1296623
1729608
932321
250333
1858957
1949981
1856011
145554
1222425
624068
720688
1621480
641635
566538
1297497
1580299
1253535
631952
1094307
1028998
1995280
1177045
1623919
1884914
1060538
121661
1274849
1796127
458112
1657494
912610
64074
636934
1092944
916319
1111705
688659
1741315
978036
1033776
370676
1333576
1124936
291614
387997
77000
1550199
1602202
1262450
1418498
190026
1547763
661515
393945
570935
1476050
928957
1775714
677587
1278764
620753
961897
180217
1186126
651549
1597753
1993532
1292471
1434976
558551
454505
1246221
38778
1652221
234571
222512
215604
1167842
1503704
1240676
631007
649746
157033
1145033
1907019
1426235
1633967
1089093
921587
1609903
1435550
1450680
1412374
946624
1443239
647508
1726263
1427933
1087088
566654
1902861
216449
636606
1962313
1375202
119393
601731
1311275
1195010
1348261
1104927
1763786
1763193
476555
1901671
1182045
1055838
596243
1087219
624001
1495030
648496
264248
681329
633009
144773
1286585
1760536
489620
497038
981515
1279794
595395
1533373
1427625
998284
957474
1692799
489629
1861539
1780520
1091275
1724350
687914
335258
1149730
648639
905437
190005
529210
210864
1121825
1178732
132334
371900
1464890
245304
1171412
236479
168436
1694486
1916054
1088090
132800
1302356
455145
712510
1340534
1622792
2003823
459214
1702361
1385811
1222563
1653839
10885
256251
1226842
1418286
527621
347755
1443266
1452276
125995
1063155
1150048
1078132
937200
1604137
999593
418981
1837787
415643
1119611
1285958
40143
669742
1612607
1094670
108358
1810890
1452643
571153
644047
1363939
261233
1987867
621238
1312264
620023
1163571
1739022
430839
1806196
189292
1699610
1666301
1640289
573699
1310089
146099
4210
647083
1046298
670567
1711505
1819959
1666320
687101
1517424
418752
1670675
919683
78377
1503955
591153
1046321
658618
367453
1199095
1142187
702365
977675
574696
1557719
1384025
1979229
1330693
619756
1396406
1213606
1058503
1476086
54120
1396182
1753464
1160351
301169
1003070
1490250
667360
344973
1449454
1499590
1343517
1771874
1242751
510765
669764
1859631
321572
140208
126893
1132536
1108556
520411
638476
1500270
1682513
1379394
1208819
1635167
1850561
43326
340469
1312847
442016
370238
1476014
132379
1797070
180520
1280748
464728
1059355
1247593
1664510
1073294
1267505
560415
143033
1186483
262718
1955835
480486
597006
1813123
191929
1897077
1400796
1674491
419560
1620112
940320
1317804
629301
1890341
635146
135764
122183
956882
141419
1344494
1361516
1525239
1990702
1704278
1211723
1149588
1206060
520912
586108
1672574
370346
1312134
392217
439805
167714
1538425
1886173
1872966
1452166
1277613
1031282
1935194
1314835
1745183
1319525
503638
1784580
1229730
1506658
1040115
1760214
223617
1001050
1709399
471986
252526
1504193
1663678
1731022
621371
1915414
666281
662524
646379
1769617
1642173
23432
1511443
990154
1640066
1382518
1395722
627330
535932
1108525
1380301
553463
1856523
1708724
1804342
1222041
1762952
1093252
536026
180806
658852
2291
1752671
1135203
1361605
986327
597867
281958
649216
1569340
684135
1548701
1095411
1544909
360472
1532140
1217762
1089720
123695
1370207
1879706
1628559
1137661
1663664
177366
1594121
1083312
714229
169128
1913375
1107149
1822019
92462
1929059
394437
1896996
1730905
1099610
478157
454183
1579162
967377
1827372
628175
639253
1028021
618339
620173
1972832
948711
81284
1210263
1041679
359470
117092
560283
176938
1968926
906107
373048
1544781
1542047
1458899
1468302
734384
1721746
1777045
1049510
1770615
1497623
1317259
730380
38586
1664398
397015
1161583
493567
181642
1552860
1971037
1329718
1895133
954924
1062989
1351707
680955
1896802
625359
467357
1598459
1116621
261727
700283
660518
583293
184141
695516
464477
1161815
1157154
1565161
1299435
52561
1169081
545788
621675
631971
155443
1543461
1639316
20787
635209
1448539
1159249
600887
1836597
638617
112297
569323
1676811
1875426
93357
1315084
1090550
349918
1290850
659023
395926
155786
1193565
1962397
662035
948887
1781584
1681782
1052023
1512059
1192220
1535803
658327
1683407
542082
1252310
1538575
1946349
233281
1577839
662480
1755114
1799957
1127506
1479357
597834
1760360
1006683
1141158
1552663
234234
1425801
671683
1574037
582209
1201135
1888484
1843632
334565
79556
114933
562339
172675
1218705
1741062
1041064
1479343
627355
467970
1670996
1571509
1359369
485280
1735753
1320359
646282
9176
94695
350656
377162
1123330
1761772
1543699
1985976
398770
451633
1353859
251492
1807786
1680434
1146377
557490
1181444
1776929
569533
124676
639469
358062
699812
236737
1737402
1188704
390368
1545019
1402871
1156684
1930264
959350
1981334
1976489
1825039
1100835
1184063
1354422
301170
1353740
640303
1741777
1493944
624968
970681
1003478
1253578
399540
174056
131577
1811877
1503186
129875
1623001
535851
1045948
1740748
544695
414424
1102264
1291153
693451
1937108
1136297
948864
1738342
1660809
656866
1397930
500460
156035
1491879
1285445
282604
1178685
1407067
1066250
486953
1140239
1815508
1006634
1785314
297526
1321466
947026
1731302
571776
558550
657535
1922417
585777
900785
1075856
504704
140531
931317
1589334
1829298
1137800
1761917
1354104
1952222
1211956
1675003
1099868
1067093
734540
461193
705625
50603
241599
1501783
705907
1071435
1674031
987235
650923
639817
476315
439417
1742028
1205113
1918830
416285
430767
1413057
184317
554203
1336281
1161556
1779579
921228
1878483
1847508
113198
1543122
1115673
1015376
686285
576478
1991625
384165
1982289
1487667
129468
645619
1129682
1286365
1782383
717370
1340013
1443454
1322226
603348
638313
392124
373727
902310
1236430
1870708
625908
635128
67967
314849
1548199
1008060
1623254
1024241
1063310
601695
597910
379428
302689
1859863
1132912
1524051
1102113
1702218
666058
676563
1282261
1886274
485658
1150507
519939
594412
1766769
595478
500471
1907341
986813
1510088
1904859
1850523
1050856
1981746
1282944
602587
176342
428714
1513192
1504383
1932096
174659
1518985
680143
916155
1866264
1523450
1741487
258206
676529
1657415
1328422
325863
681068
643480
1897885
634994
1054646
110443
1792862
222183
1657379
1452477
155239
29153
1895828
1563537
1281080
1512458
1899678
1990221
1981447
1517870
666717
641167
1787394
948081
355732
591872
3455
1000372
1420024
329379
1729904
995191
1291870
1354248
1463492
990084
1336248
1894768
1596753
1699898
632745
920531
501007
278580
1425476
1762120
941945
122640
533005
1459228
1233406
924753
288117
570426
1274698
661001
1480944
430377
620203
1475844
626412
1275243
1641844
587733
1761028
35779
1814345
1021955
617211
1214037
1117618
544837
940063
86204
1828676
1407765
1948828
458146
1706523
1230131
1570790
1259559
1087710
353288
1283453
272707
1126994
427442
266726
1907661
1243658
469977
1071378
347129
730389
1714964
251029
1328951
1081418
1107907
1914849
1079660
1340980
594480
1551405
1758508
1263398
1373757
1274147
1256221
1931020
1144392
1108263
1379506
123619
1227319
1578295
1473281
1710865
1301875
1583557
678504
1574874
1854565
1621386
979399
1667298
561629
1571416
153274
315893
1816334
1273047
1319309
1916241
589111
81636
577765
1885088
1811218
1672189
1173962
1282060
129461
1219139
598624
962594
328319
1781654
373682
1387579
547428
31256
1776967
204019
212325
1647076
1967341
1558330
191560
633949
1117057
659564
1561317
1514504
1471519
152380
1905677
1257713
991808
631336
115275
1718641
517339
320509
665727
1917640
1614332
984004
1086022
1735299
14938
593772
1088997
1162263
1500026
1745364
315231
109528
307655
1327091
1894723
1003513
1598973
1686628
640223
1131870
903389
554669
1026360
1105941
1726932
1017370
714569
966196
284726
1010049
173399
992884
951807
1820847
1135022
446350
1669402
673369
676247
1198373
472044
706841
498283
1707402
1997633
1730255
997931
1099557
673010
1114374
1550211
565427
951926
2006930
701511
1165046
271428
1907830
619241
1934734
1454478
1117760
1891113
660145
1615604
499209
1654026
559615
1776861
592353
210771
1496824
1522598
643279
1253275
1351288
1087870
570343
1510442
311745
1706795
1526527
548346
1940273
678885
22095
984250
1728999
1924635
460324
1676596
535812
394074
1869701
1379515
224190
1132892
310407
1516878
572686
493761
1909807
472337
1391905
1211034
1190001
1992447
665092
979743
912783
1208251
386091
52886
1515639
1309454
1579360
1559795
1543481
1861107
452066
512788
586612
682411
1124866
574613
1856850
1240835
254124
1955772
573413
517211
409293
1796145
1734093
640624
1962138
573158
667356
120446
315962
1080631
1719608
1621754
621171
1591850
1815818
1200031
1786644
231666
323330
1612857
1515758
1369889
1645330
273213
1502777
1870867
137272
954607
1786957
1858903
57716
588927
1313268
1446828
1181449
1169443
1451388
611457
1175542
1340230
1981846
152737
121872
115904
1991527
661984
967579
1108074
1559097
913189
501856
1524064
735751
1897173
386083
907068
577666
1156078
1286267
1305955
1136986
270250
1294717
989896
1778135
1896915
27156
1356414
340184
309348
106942
485517
1692336
1681398
1421948
1883744
1589733
244470
620340
1735347
1498032
239497
1168967
1917364
43330
602927
1504474
474737
316078
1542759
186263
1918096
1046189
281330
1434833
1712414
149653
1474882
1759501
1776886
52971
1820510
1623877
1161135
660360
1120200
1523993
199390
1111032
918761
437179
1099634
1540199
1994083
423283
560286
1055821
1586599
1019376
590252
396581
424180
251683
923497
395597
626727
514255
1730918
1303292
1098733
1405781
280321
913415
391818
1050202
940654
258935
631468
1798142
1199949
1995474
534866
1921512
660882
1089217
1470476
915945
1978039
681040
1922342
1469471
677540
1607724
561201
55491
1946087
1125329
1715408
328494
84958
1653932
1872856
679938
1666274
689758
1179606
1597581
1355018
1345270
602871
1927340
1844691
1532005
1604344
1846196
1968899
1290159
552195
989627
1205365
555179
983783
1747845
1850729
1033566
1641507
1282498
1303518
1502980
1253382
1338591
1735315
1541866
627598
910708
1803970
15879
119894
562705
967774
1150995
369789
1297616
1705096
65791
1506794
716254
579634
966089
574904
1195914
373564
320117
1118405
1044162
118479
199275
1317142
1140535
1204000
1394985
1245645
1380467
2001437
1782038
1986668
1919425
2001315
180251
1250025
563697
1823897
971891
1150505
417924
679327
1683255
1501722
255896
564741
542253
632232
1390498
1597341
1617792
366389
1751967
627344
275596
334167
277469
1481001
1501668
1272641
432557
1161869
629583
389702
6067
1351397
1511946
1803562
589647
1708692
651956
418371
1435725
1756265
1466453
1238435
567926
465751
567970
1818987
1298676
565640
681998
550772
1765729
948994
522906
36930
1680215
331079
1049031
292401
1908101
281099
1400309
1189975
648168
654750
1088781
1758556
351696
320471
1736811
1794320
565421
1440128
87047
1996968
910957
1722271
600129
956069
3149
1961585
1637340
971943
721482
1883795
492094
1317120
945037
496807
1082829
1019916
229601
272043
1592270
119035
1624693
1315919
1461551
1920616
1723519
1954227
1391386
1363186
661230
635782
1201200
2000651
1645270
1228989
1700787
54170
1077582
1744411
996148
1888518
1700925
933414
676939
1966090
237812
401048
1551971
1804326
922528
1949316
1028793
1780331
978914
1742424
1644598
1987008
163526
1918349
1098255
1280008
261009
1232988
1753152
1361310
1972285
1410692
1042420
1209027
119145
1002906
1015713
2001941
429118
1430598
1388859
1911700
1730510
1181788
1652973
270261
1321777
631310
539837
1556831
1566034
1865862
1776955
1666892
1831741
903816
1818405
1590597
1396246
690013
292044
579636
1790848
1860864
1832086
1912383
1634037
1555897
1367805
1473664
1990
978293
630535
670182
676916
1794358
965562
1174368
155171
199160
1344526
1567391
980454
1826274
240716
86674
1281761
1190207
1647407
180384
1188032
1012445
1853747
1918631
264783
396323
273719
545664
1606325
1144249
954744
590202
216626
1657411
1667744
1250949
579253
152662
1670297
276531
304066
1650005
85026
628610
1104377
709162
1571528
71077
1113349
1118304
1648979
1609896
1678031
1454773
594950
1117131
95757
1718210
1948191
1237405
655205
241103
1393589
1254515
1427068
1071698
1217466
1493361
1890997
529774
1846271
1120422
693918
582396
195832
518227
1749569
1253511
1195020
1149067
488174
535622
1353700
919719
1001275
1355923
1165340
1648240
1650183
427279
1112854
642927
376702
1280569
1605632
983310
1258600
1619155
426303
51747
573934
216028
1222605
295858
1476562
359948
1017729
1806918
1627327
1227627
1008764
1463568
1291696
1664259
916730
617334
961354
1368140
932138
445193
1188840
1288332
310639
1340563
1918457
954052
390078
1254790
1627904
967416
204743
1942714
1606106
1704546
1792367
1865068
632669
80922
1305966
673687
1167218
546736
1330545
1309498
410261
1675777
1750009
516822
72896
183309
1664015
675710
573848
1227304
1306563
575103
1876697
205630
1841481
1787241
1816377
670694
1431035
2006720
1330307
1911046
249826
1343471
1427324
259578
602045
46012
1244980
646478
1459482
1161383
1700695
1823065
302835
1429907
374696
540078
1970741
622210
652223
1610171
557999
312409
1709752
1528721
614183
234074
535362
274734
404325
1152824
1822974
572702
1205890
653892
8172
1604022
949088
1454022
1730080
1315172
1824886
662110
1115348
628573
1737267
1578468
1809921
266751
1917847
594854
1247492
1287825
1135250
397617
1954594
155617
692976
549642
649077
998489
1949960
1394464
993134
605098
711570
486243
152396
1318654
682009
1192698
187614
1537912
225532
669547
523102
1822689
1777874
1499132
1935519
1727529
419493
1135062
2003418
573689
1262756
1626296
1730219
568992
1297720
1008185
1702577
1825797
924156
6610
195081
157672
1723868
279839
1600358
1894494
1226750
428572
1276910
708694
1420210
482985
1446439
1405013
1899984
1333142
333010
231542
1664992
1517002
619599
1083749
514205
1000559
1860679
923696
29454
1903022
1115454
635820
1518366
1390748
1285409
686728
1826824
1082718
46267
1474659
1930046
704798
589559
1436818
646415
1106145
581336
1423193
1255999
616680
573341
541467
1891252
232424
671328
1685936
164116
1024271
73195
994802
1384725
606195
1932835
1873617
1890196
1837834
334160
1722263
20044
1240132
1887484
1890441
1896741
1315326
1589216
239188
1651924
226066
1047042
627819
1599567
1587028
1966826
1226178
1490678
550309
1816020
465463
729898
1242494
601154
570275
1230690
614000
1837513
1069183
517730
1174930
1367818
1966471
196726
1801175
1761415
590477
288414
563946
1668
1214226
684079
86392
1520693
1069140
595775
1465191
1214362
1693817
635238
605394
1865095
1612888
620511
1488957
927883
1490880
1513591
142479
1358959
259447
2008177
603505
1824831
1949945
1833526
1332299
1230749
1213866
648353
350394
1500532
1113146
298971
82571
1503732
358749
959792
1629297
1687663
1576554
503789
330273
158215
1252947
1035037
1621551
1480699
1882088
573038
297825
1348093
1844005
428352
142428
1864998
6580
642499
406439
970825
1592241
1040800
1784594
1035193
1375448
1881910
1713315
908750
1427681
1427239
76482
1074748
1988249
661816
518988
665549
545461
388115
666003
724660
1165021
449611
1807611
1081215
559783
624095
228904
1224029
588798
1967319
1377987
585899
1494917
297167
585229
1063036
1345022
259077
272803
1358439
136364
364174
1893167
1998036
1867141
641835
1542556
1526474
1706915
81319
1957957
1596619
1711604
1500248
1620729
640667
1254673
1173263
1226743
728253
1253461
7009
1729663
1451900
639562
385907
915517
1705115
603674
1389696
1704334
294001
1017858
633581
1749470
381062
663855
574251
7656
1706965
309416
1829849
1646314
1997943
1892350
1688436
1171715
1105232
658858
1943318
641615
582278
623658
1293061
284541
972784
1837305
1397359
1371911
486539
557426
1731217
1147814
570920
1494558
1041134
1106808
1365868
307750
675792
314636
1373228
700932
443805
1309844
127446
646065
1917967
581530
1387877
629675
193034
1058392
234756
414657
624105
724141
227930
989039
1538488
1905124
1606061
1012838
660370
1332473
299577
503305
393500
962436
1919052
1295588
384459
1285544
676601
582023
600140
2004913
1711924
1252800
484360
910041
1842188
1802084
1509145
1913401
1139031
1878145
171538
1661414
944718
1735122
1298282
596285
1290245
1992564
1492651
1023135
1500410
1123811
1058737
236807
1055530
639699
152509
652414
1256575
1917418
1857991
1620103
1334897
1832777
602372
216389
209927
1755004
453655
1053509
922628
1860746
1878984
1849946
1774721
273990
599547
169499
1380655
1741167
382846
1988586
635579
48863
1352244
274727
1390692
1549351
1744983
115796
1654288
1533436
1758473
660119
246691
1727167
1281949
1196561
1051471
1277002
1614907
1772914
1518741
344927
513452
1129106
1226010
628106
377683
1010195
188173
571987
1476107
1862552
1990491
439872
1342503
616074
269511
1134111
1176201
1909011
1177547
534959
524435
984287
681493
934638
904913
993482
1014414
694923
1903159
1748501
581104
1024708
1921398
314300
260671
1027652
738125
978180
1242136
429291
1223855
1612942
1977272
683185
416278
1844277
611357
1986771
31115
294306
1263993
646259
198721
427807
1872333
1290592
118208
36858
1792217
961786
1065307
966508
667621
1392380
515190
1301625
724050
1061192
1306290
1458257
976545
26172
1119697
614770
635857
1852168
937066
1064954
1447872
1333608
1871038
1614862
1291833
1384561
627728
719399
974411
1346548
437020
252451
1576289
148725
601429
1484928
1826917
1255388
1702812
1868680
542201
1237169
428970
617634
1524787
1593260
675582
325808
627091
1636820
1202831
1115863
716165
170903
1602185
1311109
958385
2001736
237734
464697
678459
1683616
1119229
1613704
1221042
1216230
588268
1849872
419330
1618698
258036
1241245
1541868
469854
1560924
1100190
718826
157278
1790532
604506
586957
21501
472771
1069953
1373984
1061660
619849
1588969
1432802
640514
937872
169272
87676
357467
1460420
981861
1026945
382471
1779565
1352006
496049
1891931
1865058
1541030
1934920
652778
1656871
237716
1616362
993302
124447
393854
1913471
1303315
1000677
918979
1916319
617379
1026623
1020992
1892093
488669
1409204
1679255
1831320
1220475
394209
1946779
1694212
968546
1072610
671917
194373
1626354
687219
1294825
1987338
1704813
31016
1264576
1991888
305308
1201126
730014
292615
1904147
1556471
1550167
699373
616384
987504
736401
1534105
590234
1686642
1471315
1071650
1249815
572025
1430337
543493
240954
1727316
1915157
349789
1868016
1056796
185923
1685648
523180
1917078
175209
1188475
127431
1364630
1967974
368938
911829
1472647
151115
1118159
1224330
973295
1805012
1432676
1456349
1907427
296252
1691335
618674
1846208
538818
663480
643394
1057696
1929945
620070
623740
1740481
1697139
1970980
1152627
569661
575952
231918
600225
1115870
982698
542107
357514
1618785
322107
346425
941832
937901
216902
1855854
1957877
596547
1019858
1340115
1282269
1450274
1790716
679669
1287550
1257349
1423330
1137371
1240829
1748135
396457
290679
959147
1933075
602648
1150088
1196091
567792
1054195
665266
314561
393796
491136
1697315
210684
632962
402829
272853
50445
670660
640159
1757875
1967397
1674141
1370312
912965
1936762
1146765
986282
1394134
1720785
1689302
701712
684937
1751761
1776537
1060144
1512316
1384105
632862
1021784
1132509
1300168
66576
1638290
1273791
291815
594792
996180
77783
1375133
201641
1557020
1123040
1618481
1901792
412730
949108
935710
1673564
1357073
1150054
510176
725217
1674929
1103103
280667
711633
615583
1887270
89763
1226601
1249352
1153601
1187902
1017040
453838
1785857
178478
1980050
1153889
494024
1529054
1810782
1711897
1078707
1638258
1383840
597979
2601
620380
310740
186741
182077
601788
1744020
2398
675272
1845144
537166
1384094
590226
1743728
717394
1131865
1892780
1496150
1631119
1888648
335074
1309261
470921
1291588
1536516
1890877
130022
971449
1790173
1416355
663897
458560
380652
1720056
924300
1634596
1258965
1333315
723837
622259
656023
626336
450562
6554
677120
1339446
437940
1699084
1800548
1528745
575412
1849529
1108368
1798694
527284
660475
369526
329377
568894
482169
1055549
1221242
1127607
298305
288134
1321310
302701
173752
19515
678786
1567977
299051
